3.162 0.887 1.897367 0.316228 1.000000,1
10.000 0.651 1.800000 0.600000 4.000000,1 
16.000 0.489 1.062500 0.250000 4.000000,-1 
16.155 0.510 1.299867 0.371391 5.000000,-1 
14.318 0.569 1.117488 0.279372 4.000000,-1 
10.817 0.734 1.294300 0.554700 0.000000,1 
23.022 0.561 0.651558 0.825307 0.000000,-1 
21.541 0.632 0.603510 0.928477 5.000000,-1 
21.260 0.551 1.128865 0.752577 4.000000,-1 
17.804 0.496 0.842484 0.842484 15.000000,-1 
14.318 0.653 1.117488 0.209529 0.000000,-1 
9.849 0.655 0.609208 0.913812 8.000000,1
1.000 0.981 0.000000 1.000000 0.000000,1
0.000 1.000 0.000000 0.000000 0.000000,1
8.246 0.793 1.819017 0.242536 0.000000,1
4.000 0.810 0.250000 3.500000 14.000000,1 
2.000 0.919 0.500000 2.000000 4.000000,1
7.810 0.699 1.280369 0.640184 2.000000,1 
17.464 0.588 0.515339 0.916157 0.000000,-1 
30.463 0.397 0.623706 0.919145 4.000000,-1 
25.298 0.474 0.632456 0.948683 3.000000,-1 
12.369 0.630 0.727607 0.970143 7.000000,-1 
5.831 0.659 1.714986 1.028992 6.000000,1 
3.162 0.733 2.213594 2.529822 8.000000,1
0.000 0.966 1.000000 1.000000 1.000000,1
1.000 0.862 1.000000 6.000000 6.000000,1
13.892 0.620 1.655576 0.503871 0.000000,1
11.705 0.704 1.794151 0.341743 0.000000,1
19.235 0.624 0.935775 0.467888 0.000000,1
12.083 0.723 1.241409 0.413803 1.000000,1 
12.166 0.716 1.397391 0.164399 1.000000,1
13.038 0.636 0.997054 0.076696 1.000000,1
4.123 0.752 0.485071 3.880570 16.000000,1
15.264 0.551 0.524097 0.851658 8.000000,-1 
17.000 0.546 0.705882 0.882353 5.000000,-1 
28.862 0.483 0.415775 0.970143 0.000000,-1 
23.770 0.417 0.925547 0.925547 2.000000,-1 
7.000 0.756 1.000000 1.000000 0.000000,1
0.000 1.000 0.000000 0.000000 0.000000,1
0.000 1.000 0.000000 0.000000 0.000000,1 
13.000 0.669 1.000000 0.384615 0.000000,1
14.422 0.622 1.386750 0.554700 0.000000,1
13.038 0.585 0.997054 0.076696 0.000000,1
12.530 0.579 1.117322 0.478852 1.000000,1
7.071 0.709 1.555635 1.272792 9.000000,1
14.000 0.362 1.571429 0.142857 2.000000,1
7.616 0.756 0.787839 0.919145 2.000000,1 
18.385 0.549 0.380750 0.924678 1.000000,-1 
30.806 0.314 0.454459 0.973841 14.000000,-1 
32.311 0.307 0.680883 0.928477 2.000000,-1 
31.385 0.091 0.700978 0.924017 29.000000,-1 
1.414 0.970 0.707107 0.707107 0.000000,1
1.000 0.948 2.000000 1.000000 0.000000,1
0.000 1.000 0.000000 0.000000 0.000000,1
11.045 0.676 1.448572 0.090536 0.000000,1
9.220 0.729 1.084652 0.216930 0.000000,1 
18.974 0.455 1.528434 0.316228 0.000000,1
22.136 0.307 0.993859 0.316228 2.000000,1
28.018 0.266 1.391970 0.071383 2.000000,1
16.031 0.576 1.185187 0.062378 0.000000,1
10.050 0.661 1.791067 0.099504 0.000000,1 
8.485 0.747 0.707107 0.707107 0.000000,1 
14.036 0.568 1.567435 0.071247 1.000000,1
9.434 0.738 1.377997 0.529999 0.000000,1 
16.492 0.385 1.455214 0.909509 15.000000,1
1.000 0.901 2.000000 2.000000 2.000000,1
12.042 0.571 0.664364 0.747409 0.000000,-1 
10.296 0.628 0.777029 0.874157 4.000000,1 
17.720 0.628 0.338600 0.959366 0.000000,-1 
26.926 0.335 0.705642 0.928477 8.000000,-1 
30.000 0.294 0.066667 1.000000 19.000000,-1 
14.560 0.621 0.343401 0.961524 1.000000,-1 
8.602 0.604 1.162476 0.813733 6.000000,1 
16.125 0.406 1.736486 0.744208 12.000000,-1 
4.123 0.743 0.970143 1.940285 8.000000,1
20.025 0.413 1.098628 0.049938 0.000000,1
12.728 0.442 0.864242 0.785674 10.000000,1
20.396 0.565 0.490290 0.980581 1.000000,1
21.541 0.487 0.510662 0.928477 2.000000,1
20.000 0.377 0.850000 0.800000 4.000000,1
47.011 -0.158 0.935958 0.957230 45.000000,1
13.342 0.580 1.873829 0.224860 0.000000,1
13.153 0.613 1.368515 0.152057 0.000000,1
11.000 0.665 1.636364 0.000000 0.000000,1
2.236 0.932 0.894427 0.894427 0.000000,1
7.280 0.624 1.098885 0.412082 3.000000,1
12.530 0.639 0.478852 0.877896 1.000000,-1 
16.492 0.622 0.303170 0.970143 0.000000,-1 
18.385 0.477 0.435143 0.924678 5.000000,-1 
17.088 0.462 0.526685 0.936329 8.000000,-1 
19.647 0.376 0.458088 0.967075 15.000000,-1 
24.166 0.371 0.662085 0.910366 1.000000,-1 
14.422 0.417 1.594763 0.624038 9.000000,-1
9.055 0.692 1.104315 0.110432 1.000000,1 
2.828 0.712 2.474874 5.303301 15.000000,1
3.606 0.777 1.109400 0.554700 0.000000,1
15.232 0.619 0.656532 0.919145 2.000000,-1 
22.023 0.500 0.181631 0.998969 8.000000,-1 
29.069 0.239 0.137604 0.997630 22.000000,-1 
35.468 -0.043 0.422913 0.930408 26.000000,-1 
1.000 0.979 0.000000 1.000000 0.000000,1
0.000 0.940 1.000000 1.000000 1.000000,1
1.000 0.974 1.000000 0.000000 0.000000,1
0.000 1.000 0.000000 0.000000 0.000000,1 
0.000 0.921 3.000000 1.000000 1.000000,1
6.403 0.759 0.937043 0.780869 0.000000,1
4.472 0.852 0.894427 0.894427 1.000000,1
12.806 0.469 0.937043 0.624695 1.000000,-1 
16.125 0.521 0.496139 0.868243 2.000000,-1 
29.428 0.383 0.271851 0.985460 6.000000,-1 
32.650 -0.078 1.286384 1.286384 42.000000,-1
12.166 0.750 0.246598 0.986394 3.000000,1
0.000 1.000 0.000000 0.000000 0.000000,1 
2.828 0.866 1.060660 0.707107 2.000000,1
8.000 0.701 1.125000 0.125000 1.000000,1
7.000 0.612 1.714286 1.428571 10.000000,1 
14.142 0.409 1.484924 0.212132 3.000000,1
12.166 0.548 1.150793 0.246598 3.000000,1
5.385 0.669 0.928477 0.928477 5.000000,1 
6.083 0.662 0.986394 0.657596 4.000000,1
4.123 0.745 1.697749 0.242536 1.000000,1 
0.000 1.000 0.000000 0.000000 0.000000,1
0.000 0.883 2.000000 3.000000 3.000000,1 
3.606 0.776 1.664101 0.832050 1.000000,1
5.099 0.590 1.961161 0.980581 2.000000,1 
12.649 0.651 0.711512 0.948683 8.000000,-1 
16.553 0.601 0.724947 0.906183 8.000000,-1 
20.125 0.499 0.894427 0.894427 14.000000,-1 
52.802 0.098 0.473471 0.909065 17.000000,-1 
10.630 0.559 1.599225 1.034793 11.000000,1 
13.454 0.637 1.189271 0.743294 3.000000,-1 
12.369 0.745 0.323381 0.970143 1.000000,1 
14.560 0.641 0.412082 0.961524 3.000000,-1 
5.385 0.805 1.299867 0.371391 2.000000,1
0.000 1.000 0.000000 0.000000 0.000000,1
0.000 1.000 0.000000 0.000000 0.000000,1
1.414 0.933 1.414214 1.414214 2.000000,1
12.042 0.441 1.162637 0.083045 0.000000,1
17.029 0.309 1.526773 0.176166 3.000000,1
3.162 0.858 1.897367 0.632456 2.000000,1 
2.236 0.882 1.341641 2.236068 5.000000,1
15.264 0.649 1.048195 0.851658 2.000000,-1 
30.414 0.406 1.085033 0.887755 5.000000,-1 
56.754 0.100 0.387639 0.969097 10.000000,-1
0.000 0.977 0.000000 1.000000 1.000000,1
2.000 0.883 1.500000 0.000000 0.000000,1
2.828 0.867 1.060660 0.707107 1.000000,1
14.036 0.510 0.142494 1.068706 15.000000,-1 
14.000 0.305 0.142857 2.857143 40.000000,-1 
38.013 0.387 0.131533 0.999654 2.000000,-1 
3.162 0.903 0.316228 0.948683 1.000000,1
0.000 1.000 0.000000 0.000000 0.000000,1
1.000 0.934 1.000000 1.000000 0.000000,1 
1.000 0.848 4.000000 1.000000 1.000000,1
1.414 0.935 0.707107 0.707107 0.000000,1
16.763 0.626 0.477240 0.954480 0.000000,-1 
38.013 0.124 0.210453 0.999654 29.000000,-1 
38.118 0.237 0.209873 0.996898 11.000000,-1
6.708 0.853 1.341641 0.447214 0.000000,1
10.770 0.663 1.021324 0.371391 2.000000,1 
22.804 0.658 0.526235 0.964764 0.000000,-1 
23.537 0.679 0.254916 0.977176 0.000000,-1 
17.464 0.704 0.343559 0.973417 0.000000,1 
9.487 0.817 0.316228 0.948683 1.000000,1
0.000 1.000 0.000000 0.000000 0.000000,1
3.162 0.778 1.897367 2.529822 8.000000,1
9.055 0.624 1.325178 0.110432 1.000000,1 
16.492 0.365 1.333946 0.242536 3.000000,-1 
12.649 0.460 1.106797 0.316228 2.000000,-1 
22.204 0.378 1.441208 0.585491 0.000000,-1 
23.324 0.533 1.071866 0.857493 1.000000,-1 
23.601 0.504 1.313512 0.805056 2.000000,-1 
30.083 0.493 0.465376 0.963993 2.000000,-1 
16.279 0.581 1.167161 0.675725 3.000000,-1 
4.000 0.874 0.500000 1.000000 2.000000,1
1.000 0.979 0.000000 1.000000 0.000000,1 
1.000 0.979 0.000000 1.000000 0.000000,1
0.000 1.000 0.000000 0.000000 0.000000,1
3.606 0.748 2.773501 0.832050 0.000000,1 
15.264 0.634 0.720634 0.851658 3.000000,-1 
23.854 0.512 0.712677 0.838444 1.000000,-1 
11.180 0.651 1.520526 0.894427 2.000000,-1 
27.019 0.406 0.777245 0.629198 3.000000,-1 
28.601 0.351 1.013961 0.594391 6.000000,-1 
21.471 0.509 0.512321 0.884918 4.000000,-1
1.000 0.978 1.000000 0.000000 0.000000,1 
1.000 0.958 0.000000 1.000000 1.000000,1
0.000 1.000 0.000000 0.000000 0.000000,1
1.000 0.980 1.000000 0.000000 0.000000,1 
1.000 0.933 1.000000 6.000000 6.000000,1
6.083 0.739 1.150793 0.164399 1.000000,1 
2.236 0.887 1.788854 0.447214 0.000000,1
6.708 0.817 1.043498 0.894427 0.000000,1 
8.062 0.813 0.620174 0.868243 0.000000,1
14.765 0.640 0.677285 0.880471 5.000000,-1 
20.518 0.503 1.169688 0.682318 0.000000,-1 
13.342 0.604 1.199251 0.974391 5.000000,-1 
43.081 0.342 0.533874 0.928477 3.000000,-1 
21.954 0.491 0.956524 0.501036 2.000000,-1 
11.402 0.723 1.490999 0.263117 0.000000,1
0.000 1.000 0.000000 0.000000 0.000000,1 
0.000 0.968 1.000000 1.000000 1.000000,1 
0.000 0.984 1.000000 0.000000 0.000000,1
1.000 0.988 1.000000 0.000000 0.000000,1 
0.000 0.984 1.000000 0.000000 0.000000,1
0.000 1.000 0.000000 0.000000 0.000000,1 
0.000 1.000 0.000000 0.000000 0.000000,1
1.000 0.973 1.000000 0.000000 0.000000,1 
2.236 0.909 0.447214 0.894427 2.000000,1 
2.000 0.906 1.000000 1.000000 2.000000,1
7.211 0.719 1.525426 0.554700 1.000000,1
7.616 0.836 0.525226 0.919145 1.000000,1 
25.000 0.556 0.360000 0.960000 2.000000,-1 
30.364 0.403 0.724531 0.955064 1.000000,-1 
18.358 0.525 1.252890 0.490261 2.000000,-1 
11.314 0.674 0.795495 0.707107 3.000000,-1 
7.071 0.833 0.282843 0.989949 4.000000,1
1.000 0.976 2.000000 0.000000 0.000000,1
0.000 1.000 0.000000 0.000000 0.000000,1
0.000 1.000 0.000000 0.000000 0.000000,1
5.099 0.747 0.980581 1.765045 9.000000,1 
1.414 0.859 1.414214 5.656854 8.000000,1
5.657 0.802 0.707107 0.707107 2.000000,1 
1.414 0.910 2.121320 0.707107 0.000000,1
8.944 0.611 1.006231 0.447214 4.000000,1 
12.806 0.528 0.702782 0.780869 9.000000,-1 
21.541 0.537 0.603510 0.928477 1.000000,-1 
27.295 0.391 0.696106 0.879292 3.000000,-1 
40.249 0.155 0.596285 0.894427 5.000000,-1 
48.384 0.192 0.558037 0.950730 1.000000,-1
20.000 0.649 0.050000 1.000000 2.000000,-1 
4.472 0.821 0.894427 0.894427 3.000000,1 
19.313 0.509 1.656897 0.362446 1.000000,-1 
2.236 0.909 1.341641 0.894427 2.000000,1
0.000 1.000 0.000000 0.000000 0.000000,1
0.000 0.978 0.000000 1.000000 1.000000,1
1.414 0.934 1.414214 0.707107 1.000000,1
2.236 0.926 0.447214 0.894427 0.000000,1
6.403 0.720 1.561738 1.093216 7.000000,1 
17.889 0.594 0.950329 0.894427 1.000000,-1 
26.627 0.345 0.901339 0.826227 12.000000,-1
0.000 1.000 0.000000 0.000000 0.000000,1
1.414 0.747 5.656854 1.414214 2.000000,1
7.616 0.716 0.919145 0.393919 1.000000,1 
10.630 0.654 1.411081 0.752577 4.000000,1 
26.077 0.460 0.920358 0.843661 1.000000,-1 
36.359 0.145 0.935111 0.852601 28.000000,-1 
38.626 0.196 0.362446 0.932005 20.000000,-1
0.000 1.000 0.000000 0.000000 0.000000,1 
0.000 1.000 0.000000 0.000000 0.000000,1
0.000 1.000 0.000000 0.000000 0.000000,1
1.000 0.942 2.000000 1.000000 1.000000,1
1.414 0.912 1.414214 0.707107 1.000000,1 
5.000 0.790 1.400000 0.200000 1.000000,1
4.123 0.889 0.727607 0.970143 1.000000,1 
14.318 0.604 1.047645 0.907959 1.000000,-1 
30.364 0.467 0.559865 0.955064 2.000000,-1 
29.017 0.299 0.379085 0.999406 17.000000,-1
1.414 0.974 0.707107 0.707107 0.000000,1 
0.000 0.986 0.000000 1.000000 1.000000,1 
1.000 0.986 1.000000 0.000000 0.000000,1 
1.414 0.934 2.121320 0.707107 0.000000,1
1.000 0.916 1.000000 2.000000 2.000000,1
10.440 0.599 0.957826 0.287348 1.000000,1 
28.425 0.325 1.547915 0.633238 1.000000,-1 
34.015 0.468 0.146995 0.999568 8.000000,-1 
12.042 0.442 0.664364 2.491364 30.000000,-1 
34.132 0.533 0.175788 0.996130 0.000000,-1 
10.296 0.695 0.679900 0.874157 5.000000,1 
3.000 0.804 0.000000 2.666667 8.000000,1
1.000 0.972 1.000000 1.000000 1.000000,1 
4.000 0.913 0.250000 1.000000 0.000000,1
0.000 1.000 0.000000 0.000000 0.000000,1 
3.606 0.877 0.554700 0.832050 3.000000,1
8.062 0.687 1.116313 0.496139 4.000000,1
3.162 0.863 1.264911 0.316228 0.000000,1 
10.050 0.572 1.492556 0.199007 2.000000,1
16.279 0.494 0.737154 0.737154 2.000000,-1 
20.396 0.602 0.441261 0.980581 1.000000,-1 
27.000 0.265 0.592593 1.000000 16.000000,-1 
42.154 0.143 0.545612 0.925169 14.000000,-1 
25.298 0.451 0.316228 0.948683 22.000000,-1 
11.705 0.775 0.598050 0.939793 5.000000,1
24.021 0.674 0.124892 0.999133 3.000000,-1
1.000 0.975 1.000000 1.000000 1.000000,1 
0.000 1.000 0.000000 0.000000 0.000000,1
0.000 0.981 1.000000 0.000000 0.000000,1
0.000 1.000 0.000000 0.000000 0.000000,1
0.000 0.973 1.000000 0.000000 0.000000,1 
0.000 0.973 1.000000 0.000000 0.000000,1
5.099 0.875 0.392232 0.980581 0.000000,1
3.606 0.805 1.109400 2.496151 9.000000,1
7.071 0.769 1.272792 0.141421 0.000000,1
6.000 0.827 1.500000 0.000000 0.000000,1 
12.042 0.664 1.162637 0.083045 0.000000,1
11.705 0.692 1.110665 0.341743 0.000000,1
11.180 0.699 1.431084 0.178885 1.000000,1
2.000 0.821 5.000000 0.000000 0.000000,1
3.162 0.945 0.632456 0.948683 2.000000,1
10.817 0.743 0.554700 1.016950 11.000000,1 
24.739 0.650 0.282958 0.970143 2.000000,-1 
33.541 0.521 0.387585 0.983870 4.000000,-1 
21.000 0.609 0.238095 1.000000 6.000000,-1
1.000 0.854 2.000000 6.000000 6.000000,1
0.000 1.000 0.000000 0.000000 0.000000,1
1.000 0.971 1.000000 1.000000 1.000000,1
0.000 1.000 0.000000 0.000000 0.000000,1
2.000 0.928 2.500000 1.000000 2.000000,1
1.000 0.977 0.000000 1.000000 1.000000,1
1.414 0.912 2.828427 0.707107 1.000000,1 
3.162 0.798 2.846050 1.897367 6.000000,1
21.095 0.751 0.189618 0.995495 0.000000,1 
16.031 0.722 0.374270 0.998053 3.000000,1 
17.117 0.752 0.292103 0.993151 3.000000,1
5.385 0.890 0.742781 0.928477 1.000000,1
14.142 0.600 0.777817 0.989949 9.000000,-1 
28.160 0.570 0.142044 0.994309 6.000000,-1 
17.720 0.584 0.507899 0.959366 4.000000,-1 
22.136 0.424 0.451754 0.948683 7.000000,-1 
2.236 0.897 2.236068 0.894427 0.000000,1
0.000 0.972 1.000000 1.000000 1.000000,1
0.000 1.000 0.000000 0.000000 0.000000,1
0.000 0.975 1.000000 0.000000 0.000000,1 
1.000 0.975 1.000000 0.000000 0.000000,1
15.232 0.559 0.590879 0.919145 4.000000,-1 
18.028 0.636 0.110940 0.998460 4.000000,-1 
14.318 0.456 0.349215 1.187332 17.000000,-1 
32.388 0.167 0.401380 0.988012 18.000000,-1 
13.601 0.550 0.661693 0.808736 3.000000,-1
10.050 0.788 1.194045 0.099504 0.000000,1
3.162 0.783 1.581139 4.427189 14.000000,1 
5.000 0.862 0.200000 1.200000 6.000000,1
11.402 0.645 0.877058 0.789352 1.000000,1
5.385 0.725 1.299867 1.299867 7.000000,1
1.414 0.940 0.707107 1.414214 2.000000,1
9.487 0.765 0.527046 0.948683 1.000000,1 
18.682 0.567 0.321173 0.963518 3.000000,-1 
32.558 0.185 0.245718 0.982872 22.000000,-1 
40.804 0.009 0.465636 0.955779 20.000000,-1 
3.162 0.879 0.632456 0.948683 2.000000,1 
1.000 0.945 1.000000 1.000000 1.000000,1
12.042 0.728 1.245682 0.083045 0.000000,1
11.402 0.658 1.227881 0.263117 1.000000,1
8.062 0.781 1.240347 0.124035 1.000000,1
29.120 0.518 0.377742 0.961524 2.000000,-1 
15.620 0.424 1.088313 1.088313 17.000000,-1 
11.180 0.562 1.431084 0.447214 2.000000,-1 
6.325 0.532 1.739253 2.529822 16.000000,1 
0.000 0.900 1.000000 5.000000 5.000000,1
1.000 0.975 1.000000 0.000000 0.000000,1
0.000 0.984 0.000000 1.000000 1.000000,1
1.414 0.936 1.414214 0.707107 1.000000,1
6.403 0.714 1.561738 0.624695 0.000000,1
2.828 0.886 1.060660 0.707107 0.000000,1 
1.000 0.951 1.000000 0.000000 0.000000,1
6.325 0.748 1.423025 0.316228 2.000000,1
2.000 0.877 1.500000 0.500000 1.000000,1
5.385 0.774 1.299867 0.371391 0.000000,1
8.544 0.795 0.585206 0.936329 2.000000,1
14.000 0.658 0.571429 1.000000 0.000000,-1 
21.095 0.532 0.474045 0.995495 4.000000,-1 
24.515 0.506 0.367118 0.978980 2.000000,-1 
11.402 0.586 1.140175 0.613941 5.000000,-1 
11.402 0.512 1.666410 1.052470 12.000000,-1 
3.606 0.655 1.109400 4.437602 16.000000,1
0.000 0.959 1.000000 1.000000 1.000000,1
1.000 0.983 1.000000 0.000000 0.000000,1
0.000 0.983 1.000000 0.000000 0.000000,1
1.000 0.978 0.000000 1.000000 1.000000,1 
0.000 1.000 0.000000 0.000000 0.000000,1
8.062 0.805 0.248069 0.992278 2.000000,1
1.414 0.899 0.707107 2.828427 4.000000,1
4.000 0.824 1.500000 0.500000 2.000000,1
13.416 0.475 1.192570 0.447214 6.000000,-1 
17.692 0.499 1.300037 0.678280 2.000000,-1 
26.401 0.424 1.060576 0.795432 3.000000,-1 
20.000 0.556 1.100000 0.800000 2.000000,-1 
34.438 0.343 0.551711 0.900159 1.000000,-1
3.162 0.785 1.264911 1.897367 6.000000,1
1.000 0.973 0.000000 1.000000 0.000000,1
0.000 0.965 1.000000 1.000000 1.000000,1
1.000 0.973 0.000000 1.000000 0.000000,1
0.000 1.000 0.000000 0.000000 0.000000,1
13.153 0.597 1.216457 0.152057 1.000000,1
15.524 0.520 1.030651 0.257663 0.000000,1
20.025 0.467 1.248440 0.049938 0.000000,1
12.000 0.666 1.083333 0.083333 1.000000,1
8.062 0.750 1.364382 0.124035 0.000000,1
5.000 0.871 1.400000 0.600000 0.000000,1 
11.045 0.674 1.176965 0.090536 0.000000,1
15.000 0.581 1.266667 0.066667 1.000000,1
5.831 0.838 0.857493 0.514496 0.000000,1
7.616 0.813 0.525226 0.919145 6.000000,1 
13.601 0.667 1.176343 0.808736 1.000000,-1
15.652 0.678 0.702764 0.894427 1.000000,-1 
21.378 0.519 0.654892 0.982339 13.000000,-1 
10.630 0.547 1.128865 1.411081 15.000000,1
0.000 1.000 0.000000 0.000000 0.000000,1
0.000 0.981 0.000000 1.000000 1.000000,1
0.000 1.000 0.000000 0.000000 0.000000,1
1.000 0.984 0.000000 1.000000 0.000000,1
2.000 0.898 1.500000 0.500000 1.000000,1
1.000 0.960 1.000000 0.000000 0.000000,1
2.000 0.931 1.000000 0.000000 0.000000,1
1.000 0.924 2.000000 1.000000 1.000000,1
0.000 1.000 0.000000 0.000000 0.000000,1
4.472 0.848 0.447214 0.894427 0.000000,1
3.162 0.853 0.948683 0.316228 1.000000,1
16.125 0.591 0.558156 0.868243 1.000000,-1 
19.209 0.491 0.780869 0.780869 2.000000,-1 
22.804 0.555 0.613941 0.964764 1.000000,-1 
26.000 0.437 0.884615 0.923077 8.000000,-1 
16.492 0.557 0.606339 0.970143 9.000000,-1 
4.000 0.845 1.750000 0.750000 3.000000,1
0.000 0.979 0.000000 1.000000 1.000000,1
0.000 1.000 0.000000 0.000000 0.000000,1
2.828 0.928 1.060660 0.707107 0.000000,1
6.000 0.780 1.000000 0.666667 4.000000,1
5.099 0.741 0.980581 2.353394 12.000000,1 
15.264 0.462 0.786146 1.113707 17.000000,-1 
17.493 0.500 0.571662 0.857493 3.000000,-1 
11.705 0.641 0.427179 0.939793 3.000000,-1 
15.264 0.440 0.720634 0.851658 9.000000,-1
3.162 0.843 0.632456 1.581139 5.000000,1
0.000 1.000 0.000000 0.000000 0.000000,1
0.000 1.000 0.000000 0.000000 0.000000,1
1.000 0.987 1.000000 0.000000 0.000000,1
2.236 0.847 2.236068 0.447214 0.000000,1
7.071 0.665 1.131371 0.565685 4.000000,1 
14.000 0.415 1.500000 0.285714 4.000000,1
13.342 0.423 1.499063 0.299813 4.000000,1
12.042 0.459 1.577864 0.083045 1.000000,1
1.000 0.975 0.000000 1.000000 1.000000,1
0.000 0.932 2.000000 0.000000 0.000000,1
1.000 0.941 1.000000 1.000000 1.000000,1
9.000 0.661 1.888889 0.444444 4.000000,1
44.553 0.455 0.202005 0.987580 10.000000,1
47.011 0.602 0.021272 0.999774 10.000000,1
2.236 0.962 0.447214 0.894427 0.000000,1
14.318 0.632 1.257175 0.419058 3.000000,1
14.142 0.602 1.697056 0.212132 3.000000,1
12.369 0.588 1.616904 0.242536 2.000000,1
14.866 0.616 1.479880 0.336336 0.000000,1
8.485 0.606 0.942809 1.060660 9.000000,1
2.000 0.959 0.000000 1.000000 1.000000,1
1.000 0.894 2.000000 1.000000 1.000000,1
3.000 0.831 1.000000 0.000000 0.000000,1
4.123 0.793 0.970143 0.727607 3.000000,1
3.162 0.841 1.264911 0.632456 2.000000,1
2.000 0.976 0.000000 1.000000 0.000000,1
1.414 0.937 1.414214 0.707107 0.000000,1
2.000 0.918 1.000000 0.000000 0.000000,1
1.414 0.923 2.121320 0.707107 0.000000,1
3.162 0.864 0.632456 2.529822 8.000000,1 
2.828 0.878 1.060660 1.414214 4.000000,1
6.403 0.760 1.717911 0.624695 1.000000,1
9.220 0.715 1.193118 0.325396 3.000000,1 
11.045 0.639 1.901251 0.090536 0.000000,-1 
26.476 0.299 1.661857 0.188847 2.000000,-1 
23.324 0.587 0.728869 0.857493 4.000000,-1
35.511 0.308 1.070104 0.844819 6.000000,-1 
15.524 0.318 2.512211 1.095066 17.000000,-1 
4.000 0.825 1.250000 1.500000 6.000000,1
14.318 0.653 1.257175 0.209529 0.000000,1
13.601 0.668 1.176343 0.294086 0.000000,1
5.099 0.871 1.372813 0.196116 0.000000,1
15.232 0.732 0.525226 0.919145 1.000000,1 
28.160 0.687 0.106533 0.994309 2.000000,-1 
37.336 0.511 0.160701 0.990992 1.000000,-1 
9.055 0.228 1.766904 4.969419 45.000000,1
0.000 0.986 1.000000 0.000000 0.000000,1
0.000 1.000 0.000000 0.000000 0.000000,1
1.414 0.925 1.414214 0.707107 0.000000,1
1.414 0.943 0.707107 0.707107 1.000000,1
6.000 0.852 0.166667 1.000000 1.000000,1
14.142 0.687 0.212132 0.989949 1.000000,1
10.000 0.835 0.100000 1.000000 2.000000,1 
5.657 0.740 0.707107 0.883883 5.000000,1
20.809 0.315 1.057253 0.576683 2.000000,-1 
24.597 0.366 0.528525 0.894427 8.000000,-1 
30.265 0.364 0.165205 0.991228 17.000000,-1 
33.061 0.277 0.393218 0.998168 6.000000,-1 
19.105 0.390 0.732793 0.732793 6.000000,-1 
9.434 0.637 1.059998 0.529999 3.000000,1
0.000 0.976 0.000000 1.000000 1.000000,1
2.000 0.883 1.500000 1.000000 2.000000,1
6.403 0.774 1.093216 0.624695 1.000000,1 
18.868 0.442 0.953998 0.529999 2.000000,-1 
26.627 0.402 0.676004 0.826227 3.000000,-1 
29.732 0.310 1.210811 0.739940 8.000000,-1 
39.205 0.258 1.020289 0.790724 5.000000,-1 
24.000 0.525 0.250000 1.000000 3.000000,-1 
9.055 0.785 1.656473 0.110432 0.000000,1 
1.414 0.898 0.707107 2.121320 3.000000,1
0.000 1.000 0.000000 0.000000 0.000000,1
1.000 0.976 0.000000 1.000000 0.000000,1
4.123 0.922 0.242536 0.970143 0.000000,1
17.464 0.680 0.286299 0.973417 0.000000,1
16.125 0.681 0.434122 0.992278 1.000000,1
5.831 0.812 0.857493 0.857493 4.000000,1
22.000 0.260 1.454545 0.136364 3.000000,1
6.403 0.760 1.249390 0.624695 1.000000,1
13.038 0.473 1.533930 0.153393 2.000000,1
5.000 0.793 1.400000 0.400000 2.000000,1
5.385 0.781 1.856953 0.371391 1.000000,1
24.021 0.711 0.124892 0.999133 1.000000,1
11.045 0.560 1.267500 0.271607 3.000000,-1 
12.530 0.565 1.197130 0.478852 2.000000,-1 
24.413 0.461 0.819232 0.819232 2.000000,-1 
34.655 0.291 1.067653 0.721387 2.000000,-1 
26.627 0.511 1.089118 0.826227 1.000000,-1 
21.541 0.462 0.649934 0.928477 19.000000,-1
2.828 0.828 0.707107 1.767767 5.000000,1
4.123 0.722 1.212678 0.242536 0.000000,1
10.000 0.673 1.700000 0.000000 0.000000,1 
12.166 0.638 1.150793 0.164399 1.000000,1
5.657 0.808 1.590990 0.707107 3.000000,1
15.297 0.459 1.438185 0.261488 4.000000,1
13.000 0.550 1.384615 0.076923 1.000000,1
9.220 0.664 1.084652 0.216930 1.000000,1
13.454 0.520 0.743294 0.817624 11.000000,-1 
22.136 0.523 0.316228 0.948683 3.000000,-1 
22.825 0.382 0.700973 0.876216 1.000000,-1 
32.558 0.226 0.245718 0.982872 12.000000,-1 
31.906 -0.015 1.410388 0.846233 27.000000,-1
0.000 1.000 0.000000 0.000000 0.000000,1
2.236 0.904 1.788854 0.447214 1.000000,1
2.236 0.887 1.341641 0.894427 1.000000,1
10.000 0.811 0.100000 1.000000 2.000000,1
0.000 0.973 1.000000 0.000000 0.000000,1
6.708 0.703 0.894427 0.447214 1.000000,1 
12.806 0.520 1.015129 0.624695 4.000000,-1 
23.854 0.438 0.922288 0.838444 1.000000,-1 
37.162 0.242 0.941827 0.914918 7.000000,-1 
41.976 0.197 0.309699 0.976744 8.000000,-1 
11.662 0.609 0.943242 0.514496 5.000000,-1
1.414 0.967 0.707107 0.707107 0.000000,1
2.000 0.905 2.000000 0.500000 1.000000,1
14.866 0.639 0.672673 0.941742 1.000000,1
2.236 0.887 0.894427 0.447214 1.000000,1
13.000 0.406 1.538462 0.384615 5.000000,1
2.000 0.855 1.500000 1.000000 2.000000,1
4.000 0.821 1.500000 0.250000 1.000000,1
1.000 0.920 1.000000 5.000000 5.000000,1
1.000 0.966 1.000000 1.000000 0.000000,1
10.000 0.713 0.800000 0.800000 3.000000,1 
17.493 0.589 0.628828 0.857493 2.000000,-1 
26.683 0.474 0.299813 0.974391 7.000000,-1 
38.601 0.137 0.673566 0.958536 20.000000,-1
11.705 0.670 0.427179 0.939793 6.000000,-1
28.792 0.470 0.451509 0.937749 1.000000,1
12.806 0.638 0.624695 0.780869 1.000000,1
6.403 0.779 1.405564 0.624695 2.000000,1 
21.541 0.596 0.696358 0.928477 2.000000,-1 
26.306 0.543 0.494186 0.988372 0.000000,-1 
13.038 0.607 0.997054 0.997054 4.000000,-1 
21.401 0.428 0.841085 0.794358 14.000000,-1 
28.792 0.456 0.590434 0.937749 1.000000,-1
0.000 1.000 0.000000 0.000000 0.000000,1
1.414 0.958 0.707107 0.707107 0.000000,1
7.616 0.752 1.050451 0.919145 1.000000,1 
13.416 0.692 0.819892 0.894427 1.000000,-1 
22.561 0.559 0.531891 0.975133 2.000000,-1 
23.770 0.370 0.378633 0.967617 20.000000,-1 
23.854 0.316 0.922288 0.838444 20.000000,-1 
21.932 0.484 0.911922 0.911922 7.000000,-1 
8.062 0.681 0.992278 1.240347 10.000000,1
18.439 0.654 0.271163 0.976187 0.000000,1
23.022 0.625 0.260623 0.999056 1.000000,1
13.153 0.696 0.456172 0.988372 2.000000,1
5.385 0.770 1.485563 0.371391 0.000000,1 
14.142 0.418 1.555635 0.141421 2.000000,1
13.153 0.429 1.596600 0.456172 6.000000,1
1.000 0.949 1.000000 2.000000 2.000000,1
0.000 0.973 1.000000 0.000000 0.000000,1
8.544 0.763 0.936329 0.936329 1.000000,1 
14.142 0.600 1.484924 0.707107 1.000000,-1 
29.069 0.497 0.791224 0.894427 1.000000,-1 
39.459 0.389 0.329457 0.988372 5.000000,-1 
39.294 0.107 1.043423 0.916176 36.000000,-1
8.000 0.826 0.500000 1.000000 4.000000,1
16.031 0.758 0.249513 0.998053 4.000000,1
5.385 0.809 0.928477 0.371391 2.000000,1 
11.180 0.561 1.699412 0.178885 0.000000,1
14.036 0.414 1.211200 0.142494 2.000000,1
13.038 0.467 1.533930 0.460179 6.000000,1
12.166 0.465 1.315192 0.657596 8.000000,1
10.440 0.477 1.436739 0.478913 5.000000,1
12.369 0.478 1.050988 0.485071 6.000000,1
2.236 0.910 1.341641 0.894427 0.000000,1
13.000 0.464 1.461538 0.153846 2.000000,1
11.402 0.528 1.666410 0.350823 4.000000,1
0.000 1.000 0.000000 0.000000 0.000000,1
14.213 0.624 1.196116 0.773957 3.000000,-1 
25.060 0.521 0.718278 0.877896 2.000000,-1 
31.623 0.287 0.853815 0.822192 14.000000,-1 
47.885 0.027 0.730914 0.877096 36.000000,-1


######room 2#####

7.810 0.777 1.536443 0.640184 0.000000,1 
6.708 0.811 0.894427 0.447214 0.000000,1 
4.123 0.881 1.697749 0.242536 0.000000,1 
13.928 0.651 1.076937 0.358979 0.000000,1
10.630 0.756 0.940721 0.752577 0.000000,1
12.042 0.657 1.328728 0.083045 0.000000,1
6.708 0.831 1.341641 0.447214 0.000000,1
12.530 0.678 2.075026 0.478852 0.000000,1
1.000 0.970 1.000000 1.000000 1.000000,1
4.123 0.931 0.242536 0.970143 1.000000,1
8.944 0.798 0.559017 0.894427 2.000000,1
8.062 0.729 0.992278 0.496139 1.000000,1
4.000 0.916 0.250000 1.000000 3.000000,1
2.236 0.944 0.447214 1.341641 3.000000,1
8.062 0.865 0.124035 0.992278 1.000000,1
4.472 0.813 0.894427 0.447214 1.000000,1
3.000 0.962 0.000000 1.000000 1.000000,1
1.414 0.949 0.707107 1.414214 2.000000,1
14.213 0.582 1.055396 0.773957 5.000000,-1 
22.825 0.462 0.920027 0.876216 9.000000,-1 
39.560 0.281 0.631950 0.960564 15.000000,-1 
36.620 0.207 0.846540 0.573462 11.000000,-1 
13.416 0.617 0.447214 0.894427 10.000000,-1 
25.020 0.576 0.039968 0.999201 2.000000,-1 
5.000 0.815 1.000000 0.600000 3.000000,1
1.000 0.987 1.000000 0.000000 0.000000,1
5.099 0.892 0.392232 0.980581 0.000000,1
11.402 0.670 1.403293 0.613941 0.000000,1
20.616 0.478 1.067157 0.242536 0.000000,1
15.524 0.600 1.417145 0.257663 0.000000,1
9.849 0.758 1.015346 0.406138 0.000000,1 
12.166 0.697 1.068593 0.164399 0.000000,1
8.602 0.797 1.046229 0.581238 0.000000,1
1.000 0.972 2.000000 0.000000 0.000000,1
3.606 0.936 0.554700 0.832050 1.000000,1
4.472 0.918 0.670820 0.894427 1.000000,1
2.236 0.902 1.341641 0.447214 1.000000,1
1.414 0.959 0.707107 0.707107 1.000000,1
3.000 0.901 0.666667 1.000000 0.000000,1
1.000 0.986 0.000000 1.000000 0.000000,1
0.000 1.000 0.000000 0.000000 0.000000,1
0.000 0.973 1.000000 0.000000 0.000000,1
1.414 0.927 0.707107 0.707107 1.000000,1
7.071 0.725 1.131371 0.141421 1.000000,1
4.000 0.804 1.250000 1.000000 4.000000,1 
22.361 0.632 0.536656 0.983870 0.000000,-1 
24.042 0.542 0.457540 0.956674 11.000000,-1
0.000 1.000 0.000000 0.000000 0.000000,1
37.014 0.612 0.054034 0.999635 0.000000,1
7.810 0.695 1.280369 0.768221 1.000000,1
12.000 0.608 2.166667 0.083333 1.000000,1
8.246 0.777 1.212678 0.242536 1.000000,1
17.804 0.446 1.010981 0.617822 3.000000,-1 
17.464 0.476 0.973417 0.973417 2.000000,-1 
29.698 0.269 0.740779 0.707107 1.000000,-1 
12.530 0.622 1.117322 0.877896 2.000000,-1 
8.544 0.801 0.702247 0.936329 0.000000,1
0.000 1.000 0.000000 0.000000 0.000000,1
1.000 0.977 0.000000 1.000000 0.000000,1
0.000 0.974 1.000000 0.000000 0.000000,1
9.220 0.624 0.976187 0.325396 3.000000,1 
13.454 0.526 0.817624 0.668965 5.000000,-1 
13.892 0.620 0.791797 0.863779 3.000000,-1 
24.042 0.495 0.707107 0.956674 3.000000,-1 
26.249 0.408 1.295297 0.761939 3.000000,-1 
16.155 0.637 0.866578 0.928477 0.000000,-1 
11.402 0.718 0.350823 0.964764 2.000000,1
1.000 0.988 1.000000 0.000000 0.000000,1
1.000 0.969 1.000000 1.000000 1.000000,1
23.707 0.532 0.843649 0.885832 0.000000,1
16.279 0.627 1.535738 0.675725 0.000000,1
2.828 0.949 0.707107 0.707107 0.000000,1
1.000 0.967 1.000000 1.000000 1.000000,1
4.243 0.783 1.414214 0.707107 1.000000,1
7.211 0.663 1.109400 0.554700 3.000000,1 
13.601 0.513 1.102822 0.588172 6.000000,-1 
22.825 0.505 0.920027 0.876216 0.000000,-1 
26.000 0.476 0.846154 0.923077 1.000000,-1 
29.069 0.412 0.894427 0.894427 1.000000,-1 
17.029 0.542 0.998274 0.645942 1.000000,-1 
2.000 0.924 0.000000 1.000000 1.000000,1
0.000 1.000 0.000000 0.000000 0.000000,1
1.000 0.968 1.000000 1.000000 1.000000,1
0.000 1.000 0.000000 0.000000 0.000000,1
0.000 1.000 0.000000 0.000000 0.000000,1
13.000 0.613 0.538462 1.000000 1.000000,1
5.831 0.739 0.857493 0.514496 1.000000,1
15.000 0.424 1.466667 0.800000 3.000000,-1 
21.378 0.526 0.514558 0.982339 5.000000,-1 
20.224 0.517 0.494468 0.988936 3.000000,-1 
25.000 0.157 0.800000 1.040000 26.000000,-1
0.000 0.981 0.000000 1.000000 1.000000,1
0.000 0.981 0.000000 1.000000 1.000000,1
2.236 0.908 1.788854 0.447214 1.000000,1
5.099 0.758 2.157277 0.196116 1.000000,1
7.211 0.725 0.554700 1.109400 8.000000,1 
16.279 0.630 0.491436 0.982872 5.000000,-1 
27.857 0.383 0.430775 0.933346 8.000000,-1 
42.953 0.216 0.558744 0.977802 2.000000,-1 
19.235 0.482 1.351676 0.155963 2.000000,-1
0.000 1.000 0.000000 0.000000 0.000000,1
0.000 1.000 0.000000 0.000000 0.000000,1
0.000 0.988 1.000000 0.000000 0.000000,1
6.083 0.873 0.328798 0.986394 2.000000,1
5.831 0.859 0.514496 0.857493 1.000000,1 
12.369 0.763 0.485071 0.970143 8.000000,1 
28.160 0.682 0.142044 0.994309 2.000000,-1 
20.881 0.660 0.287348 0.957826 2.000000,-1 
20.100 0.697 0.149256 0.995037 2.000000,-1 
9.434 0.331 1.483997 4.133992 39.000000,1 
7.071 0.520 1.131371 1.838478 13.000000,1 
16.125 0.280 1.054295 0.930261 15.000000,-1
0.000 1.000 0.000000 0.000000 0.000000,1
13.000 0.653 1.076923 0.000000 0.000000,1
11.000 0.684 1.272727 0.181818 2.000000,1
5.099 0.730 1.961161 1.176697 6.000000,1
11.662 0.738 0.685994 0.857493 1.000000,1 
22.204 0.671 0.315264 0.990830 3.000000,-1 
29.428 0.536 0.305832 0.985460 3.000000,-1 
18.682 0.449 0.802932 0.963518 18.000000,-1 
32.202 0.328 0.745284 0.900552 3.000000,-1 
39.319 0.233 0.228896 0.991882 13.000000,-1 
7.280 0.651 1.648327 1.373606 10.000000,1
0.000 1.000 0.000000 0.000000 0.000000,1
0.000 1.000 0.000000 0.000000 0.000000,1
3.162 0.932 0.632456 0.948683 1.000000,1
6.083 0.827 1.479591 0.164399 0.000000,1 
18.439 0.533 1.030420 0.216930 0.000000,-1 
22.091 0.480 1.041161 0.090536 1.000000,-1 
15.232 0.618 1.116105 0.393919 0.000000,-1 
7.280 0.792 1.236245 0.274721 0.000000,1
9.055 0.745 1.325178 0.110432 0.000000,1
8.246 0.859 0.485071 0.970143 1.000000,1
18.028 0.735 0.221880 0.998460 2.000000,1
0.000 0.794 1.000000 10.000000 10.000000,1
0.000 0.985 1.000000 0.000000 0.000000,1
9.000 0.763 1.000000 0.000000 0.000000,1 
12.369 0.661 1.050988 0.242536 1.000000,1
8.246 0.762 1.212678 0.242536 1.000000,1
15.133 0.518 1.057310 0.132164 2.000000,1
18.028 0.529 1.386750 0.055470 1.000000,1
1.414 0.946 1.414214 0.707107 0.000000,1
6.000 0.810 1.166667 0.000000 0.000000,1
8.062 0.752 0.496139 0.992278 8.000000,1 
20.616 0.584 0.388057 0.970143 3.000000,-1 
25.495 0.446 0.313786 0.980581 8.000000,-1 
22.361 0.486 0.313050 0.983870 6.000000,-1 
12.649 0.579 0.553399 0.948683 6.000000,-1 
1.000 0.755 4.000000 9.000000 9.000000,1
0.000 0.965 1.000000 1.000000 1.000000,1
2.236 0.916 0.894427 0.447214 0.000000,1
11.045 0.593 2.082322 0.090536 1.000000,1
4.123 0.868 1.940285 0.242536 0.000000,1
0.000 0.988 0.000000 1.000000 1.000000,1
5.099 0.852 0.392232 0.980581 2.000000,1
11.180 0.679 0.447214 0.894427 3.000000,1
1.000 0.985 0.000000 1.000000 0.000000,1
11.402 0.746 0.438529 0.964764 2.000000,1 
13.342 0.689 0.299813 0.974391 4.000000,-1 
12.042 0.665 0.581318 0.996546 1.000000,-1 
8.062 0.632 0.992278 0.496139 0.000000,1
1.414 0.914 2.121320 0.707107 1.000000,1
4.000 0.809 1.250000 0.250000 1.000000,1
1.000 0.986 1.000000 0.000000 0.000000,1
2.000 0.983 0.000000 1.000000 0.000000,1
5.000 0.800 1.200000 0.800000 4.000000,1
11.402 0.650 0.701646 0.789352 1.000000,1
9.487 0.603 1.054093 0.316228 2.000000,1 
18.385 0.476 1.251035 0.707107 2.000000,-1 
29.833 0.330 1.273763 0.770962 3.000000,-1 
31.385 0.245 0.637253 0.860292 19.000000,-1 
21.378 0.597 0.327446 0.982339 1.000000,-1 
13.601 0.565 1.029300 0.588172 4.000000,-1
1.000 0.989 1.000000 0.000000 0.000000,1
5.099 0.701 1.568929 0.588348 3.000000,1
13.038 0.529 1.150447 0.076696 1.000000,1
3.606 0.896 0.832050 0.832050 1.000000,1 
21.401 0.451 0.654177 0.794358 7.000000,-1 
29.155 0.385 0.720294 0.857493 0.000000,-1 
34.886 0.233 1.089277 0.888621 13.000000,-1 
18.439 0.620 0.650791 0.976187 4.000000,-1 
16.763 0.569 1.014135 0.298275 5.000000,-1 
10.000 0.650 1.000000 0.600000 6.000000,1 
14.036 0.637 1.068706 0.213741 3.000000,-1 
0.000 0.975 0.000000 1.000000 1.000000,1
0.000 0.980 0.000000 1.000000 1.000000,1
6.083 0.736 0.986394 0.328798 2.000000,1
7.071 0.750 1.131371 0.141421 1.000000,1 
15.033 0.464 1.463418 0.199557 3.000000,1
5.385 0.886 0.557086 0.928477 0.000000,1
16.553 0.610 0.664534 0.906183 1.000000,1
14.866 0.639 0.739940 0.941742 2.000000,1
5.000 0.777 0.800000 0.800000 4.000000,1
10.440 0.499 1.053609 0.287348 2.000000,1
13.416 0.648 0.447214 0.894427 5.000000,1
10.000 0.800 0.200000 1.000000 2.000000,1
12.000 0.505 1.416667 0.166667 2.000000,1
11.045 0.511 1.176965 0.362143 4.000000,1
10.198 0.553 1.568929 0.294174 3.000000,1
13.000 0.521 1.384615 0.384615 1.000000,1
6.708 0.719 1.043498 0.447214 2.000000,1
9.220 0.708 1.084652 0.216930 2.000000,1
14.318 0.429 1.187332 0.698430 10.000000,1
7.071 0.751 1.131371 0.282843 2.000000,1 
12.042 0.691 0.913500 0.664364 0.000000,1
10.817 0.711 1.479201 0.554700 0.000000,1 
17.029 0.571 1.233162 0.058722 0.000000,1
21.024 0.506 1.093998 0.095130 2.000000,1
10.630 0.741 0.846649 0.658505 1.000000,1
3.606 0.901 1.109400 0.554700 0.000000,1
7.616 0.861 0.787839 0.919145 1.000000,1 
8.944 0.825 1.006231 0.894427 1.000000,1
5.000 0.807 1.200000 0.600000 2.000000,1
4.472 0.856 2.012461 0.447214 1.000000,1
45.011 0.508 0.066650 0.999753 0.000000,1
13.038 0.770 0.230089 0.997054 0.000000,1
1.414 0.959 0.707107 0.707107 0.000000,1
11.045 0.521 1.267500 0.090536 1.000000,1
10.000 0.481 1.400000 0.700000 7.000000,1
12.042 0.499 1.245682 0.083045 0.000000,1
13.038 0.442 1.073751 0.076696 1.000000,1
11.705 0.495 1.623280 0.598050 7.000000,1
6.325 0.707 2.371708 0.316228 1.000000,1 
14.036 0.499 1.923670 0.356235 5.000000,1
16.279 0.370 1.044302 0.184289 0.000000,1
3.606 0.609 2.773501 4.437602 16.000000,1 
2.828 0.897 1.060660 0.707107 1.000000,1 
13.153 0.481 1.748658 0.304114 4.000000,1
13.038 0.442 1.227144 0.843661 1.000000,1
14.318 0.544 0.558744 0.977802 11.000000,1
1.000 0.831 4.000000 3.000000 3.000000,1 
16.125 0.370 1.736486 0.496139 8.000000,1
7.280 0.750 1.373606 0.274721 2.000000,1 
7.810 0.435 2.048590 3.200922 25.000000,1 
11.045 0.515 1.267500 0.181071 2.000000,1
15.133 0.495 1.519883 0.132164 0.000000,1
8.544 0.654 1.872658 0.351123 3.000000,1
2.236 0.752 1.788854 2.236068 5.000000,1
3.162 0.856 1.897367 0.316228 0.000000,1
17.464 0.500 1.145197 0.229039 0.000000,1
6.325 0.764 1.264911 0.316228 0.000000,1 
15.000 0.552 1.400000 0.000000 0.000000,1
10.198 0.725 1.568929 0.196116 0.000000,1 
15.297 0.520 2.091905 0.196116 0.000000,1
16.125 0.440 1.054295 0.124035 1.000000,1
24.083 0.318 1.577864 0.083045 1.000000,1
8.062 0.736 1.860521 0.124035 0.000000,1 
17.088 0.488 0.994850 0.351123 1.000000,1
19.105 0.449 1.046848 0.104685 0.000000,1
9.487 0.693 1.475730 0.316228 1.000000,1 
10.296 0.694 1.359800 0.485643 3.000000,1 
25.179 0.217 1.350313 0.158860 4.000000,1
13.000 0.529 1.461538 0.076923 1.000000,1
9.849 0.671 1.421485 0.406138 3.000000,1 
12.649 0.555 1.581139 0.474342 6.000000,1
5.099 0.778 1.176697 0.392232 2.000000,1
18.439 0.563 0.433861 0.976187 3.000000,1
1.000 0.846 2.000000 6.000000 6.000000,1 
34.366 0.373 0.320087 0.989359 4.000000,1
13.038 0.563 0.997054 0.843661 3.000000,1
11.402 0.567 1.140175 0.263117 3.000000,1
5.831 0.823 1.028992 0.857493 2.000000,1
11.180 0.542 1.341641 0.447214 5.000000,1
12.042 0.779 0.166091 0.996546 1.000000,1 
12.042 0.798 0.083045 0.996546 1.000000,1 
7.071 0.836 0.424264 0.989949 1.000000,1 
8.062 0.656 0.992278 0.496139 1.000000,1 
13.601 0.455 1.176343 0.294086 1.000000,1
4.472 0.847 0.894427 0.894427 1.000000,1 
7.280 0.619 1.648327 1.098885 8.000000,1 
10.050 0.460 1.194045 0.298511 3.000000,1 
16.000 0.338 1.625000 0.000000 0.000000,1
16.125 0.289 1.488417 0.124035 0.000000,1
4.243 0.829 0.942809 0.707107 1.000000,1
0.000 1.000 0.000000 0.000000 0.000000,1
10.440 0.724 1.149392 0.287348 0.000000,1
4.472 0.778 0.894427 0.894427 4.000000,1 
11.402 0.620 1.140175 0.613941 1.000000,1
10.198 0.731 1.666987 0.196116 1.000000,1
2.236 0.918 1.788854 0.894427 2.000000,1
4.243 0.814 1.649916 0.707107 0.000000,1
5.099 0.918 0.392232 0.980581 1.000000,1
4.123 0.820 1.212678 0.485071 2.000000,1
15.524 0.611 1.481560 0.257663 1.000000,1
6.000 0.846 1.000000 1.000000 0.000000,1 
16.125 0.623 1.922538 0.124035 0.000000,1
11.402 0.684 0.964764 0.263117 1.000000,1
3.606 0.854 1.941451 0.554700 0.000000,1
4.472 0.803 1.118034 0.447214 1.000000,1
1.000 0.975 1.000000 0.000000 0.000000,1
3.162 0.937 0.316228 0.948683 0.000000,1
11.180 0.658 1.252198 0.178885 1.000000,1
14.142 0.538 1.484924 0.212132 3.000000,1
21.378 0.446 1.169451 0.187112 2.000000,1
12.042 0.597 1.577864 0.083045 0.000000,1
8.246 0.711 1.091410 0.242536 2.000000,1
11.180 0.693 1.162755 0.178885 0.000000,1
14.036 0.550 1.567435 0.142494 2.000000,1
29.732 0.503 0.672673 0.941742 2.000000,1
39.115 0.571 0.102262 0.997054 5.000000,1
3.162 0.874 1.264911 0.948683 3.000000,1
7.616 0.717 1.050451 0.393919 2.000000,1
6.083 0.595 1.315192 1.808389 11.000000,1
0.000 0.984 0.000000 1.000000 1.000000,1
0.000 0.966 1.000000 0.000000 0.000000,1



#####home 1#####
1.000 0.962 0.000000 1.000000 1.000000,1 
2.000 0.942 0.500000 1.000000 0.000000,1
9.220 0.619 0.759257 0.650791 0.000000,1 
18.439 0.355 0.867722 0.650791 3.000000,-1 
21.401 0.365 0.794358 0.794358 2.000000,-1 
25.000 0.565 0.040000 1.000000 6.000000,-1 
20.881 0.382 1.005718 0.957826 1.000000,-1 
11.180 0.618 0.894427 0.894427 7.000000,-1 
1.000 0.901 3.000000 2.000000 2.000000,1
2.000 0.943 2.000000 0.000000 0.000000,1
0.000 0.975 1.000000 0.000000 0.000000,1
4.000 0.902 0.250000 1.000000 0.000000,1
10.296 0.586 1.359800 0.485643 2.000000,1 
16.643 0.583 0.901263 0.841178 0.000000,-1 
21.095 0.500 0.616259 0.853282 2.000000,-1 
22.361 0.493 0.715542 0.894427 0.000000,-1
2.000 0.961 0.000000 1.000000 0.000000,1
10.296 0.586 1.359800 0.485643 2.000000,1 
16.643 0.583 0.901263 0.841178 0.000000,-1 
21.095 0.500 0.616259 0.853282 2.000000,-1 
22.361 0.493 0.715542 0.894427 0.000000,-1
3.606 0.880 0.554700 0.832050 0.000000,1
11.314 0.533 0.972272 0.707107 3.000000,-1
13.342 0.726 0.674579 0.974391 2.000000,1
0.000 0.958 1.000000 1.000000 1.000000,1
15.000 0.619 0.733333 0.800000 1.000000,-1 
23.324 0.430 0.728869 0.857493 1.000000,-1 
82.801 -0.389 0.652166 0.797092 11.000000,-1
9.220 0.723 0.433861 0.976187 3.000000,1
3.606 0.833 1.109400 0.554700 2.000000,1
16.031 0.453 0.374270 0.998053 12.000000,-1 
29.682 0.098 1.415016 0.741199 22.000000,-1 
11.705 0.535 1.110665 1.196101 14.000000,-1 
7.211 0.646 0.693375 1.109400 8.000000,1
1.000 0.962 0.000000 1.000000 1.000000,1
1.000 0.749 3.000000 6.000000 6.000000,1
5.385 0.788 0.371391 1.299867 7.000000,1 
21.213 0.617 0.188562 0.989949 0.000000,-1 
22.091 0.575 0.135804 0.995893 2.000000,-1 
31.321 0.005 0.415058 1.181319 37.000000,-1 
21.378 0.327 0.561336 0.982339 14.000000,-1 
15.264 0.379 0.851658 0.851658 13.000000,-1 
10.198 0.794 0.392232 0.980581 0.000000,1 
9.849 0.674 1.218415 0.913812 0.000000,1
15.811 0.714 0.695701 0.948683 0.000000,1
6.083 0.776 0.164399 1.315192 8.000000,1
14.560 0.628 0.412082 0.961524 0.000000,-1 
16.492 0.450 0.363803 0.970143 15.000000,-1 
17.263 0.579 0.347571 0.984784 3.000000,-1 
23.537 0.333 0.254916 0.977176 15.000000,-1 
23.195 0.308 0.301791 0.991600 17.000000,-1 
14.765 0.318 1.151385 1.354571 20.000000,-1 
5.831 0.580 3.772969 0.857493 1.000000,1
8.062 0.777 1.736486 0.496139 0.000000,1 
6.083 0.785 1.972788 0.164399 0.000000,1
2.236 0.900 0.447214 1.341641 3.000000,1
5.000 0.697 1.800000 0.800000 2.000000,1 
13.928 0.528 0.861550 0.933346 2.000000,-1 
19.235 0.496 0.155963 0.987763 3.000000,-1 
25.179 0.113 0.158860 0.992877 21.000000,-1 
12.530 0.159 1.436556 1.995217 25.000000,-1 
4.472 0.693 2.459675 1.118034 5.000000,1
5.000 0.657 0.600000 1.600000 8.000000,1
3.162 0.893 0.632456 0.948683 1.000000,1 
19.235 0.597 0.155963 0.987763 1.000000,-1 
30.000 0.199 0.066667 1.000000 21.000000,-1
4.243 0.787 0.707107 0.707107 2.000000,1
3.162 0.471 2.529822 5.375872 17.000000,1 
12.207 0.557 0.573462 0.819232 5.000000,-1 
18.028 0.504 0.388290 0.998460 1.000000,-1 
20.100 0.283 0.099504 0.995037 17.000000,-1
5.657 0.601 0.707107 1.237437 7.000000,1
2.236 0.795 1.341641 1.341641 3.000000,1
15.000 0.610 0.200000 1.000000 2.000000,-1 
16.125 0.411 0.186052 0.992278 13.000000,-1 
0.000 1.000 0.000000 0.000000 0.000000,1 
0.000 1.000 0.000000 0.000000 0.000000,1
12.042 0.616 1.079591 0.664364 1.000000,1
15.000 0.566 1.000000 0.800000 3.000000,1
16.279 0.545 0.798584 0.737154 0.000000,1
1.000 0.942 1.000000 1.000000 1.000000,1
8.485 0.658 1.296362 0.707107 1.000000,1 
11.705 0.617 1.025229 0.939793 1.000000,-1 
17.263 0.601 0.579284 0.984784 0.000000,-1 
15.033 0.537 0.332595 0.997785 7.000000,-1 
15.264 0.532 0.786146 0.851658 0.000000,-1
0.000 1.000 0.000000 0.000000 0.000000,1
17.029 0.573 0.587220 0.998274 1.000000,-1 
21.932 0.513 0.455961 0.911922 2.000000,-1 
58.181 -0.241 1.031269 0.412508 19.000000,-1
3.606 0.664 3.050851 2.218801 8.000000,1
2.828 0.830 1.060660 0.707107 0.000000,1
7.071 0.739 0.989949 0.424264 3.000000,1
20.224 0.415 1.483405 0.197787 4.000000,-1 
16.155 0.590 0.928477 0.928477 6.000000,-1 
11.045 0.765 0.362143 0.995893 3.000000,1 
9.220 0.641 1.735444 0.650791 6.000000,1



#####image#####



0.000 1.000 0.000000 0.000000 0.000000,1 
6.403 0.747 0.937043 0.624695 1.000000,1 
6.083 0.704 1.315192 0.493197 3.000000,1 
5.657 0.684 0.883883 1.944544 11.000000,1 
10.198 0.745 0.196116 0.980581 8.000000,1 
13.038 0.815 0.153393 0.997054 1.000000,1 
16.125 0.610 0.248069 0.992278 12.000000,-1 
16.492 0.476 0.485071 1.394580 23.000000,-1 
21.587 0.623 0.416917 0.972806 0.000000,-1 
22.023 0.677 0.045408 0.998969 0.000000,-1
0.000 1.000 0.000000 0.000000 0.000000,1 
6.083 0.775 0.986394 0.164399 1.000000,1 
7.071 0.844 0.282843 1.555635 11.000000,1 
5.385 0.741 1.299867 1.856953 10.000000,1 
6.708 0.755 0.596285 1.937926 13.000000,1 
9.220 0.735 0.976187 0.759257 4.000000,1 
17.029 0.465 2.055271 0.645942 5.000000,-1 
30.083 0.350 1.296404 0.365652 6.000000,-1 
34.234 0.489 0.262893 0.993151 5.000000,-1 
0.000 1.000 0.000000 0.000000 0.000000,1 
1.414 0.935 2.121320 0.707107 1.000000,1 
1.000 0.970 1.000000 1.000000 1.000000,1 
3.162 0.958 0.316228 0.948683 0.000000,1 
16.031 0.862 0.124757 0.998053 1.000000,1 
22.804 0.727 0.482382 0.964764 1.000000,1 
32.558 0.589 0.430007 0.982872 0.000000,-1 
17.720 0.704 0.338600 0.959366 0.000000,1 
19.925 0.643 0.451697 0.953583 1.000000,-1 
0.000 1.000 0.000000 0.000000 0.000000,1 
9.899 0.745 0.808122 0.707107 1.000000,1 
17.000 0.558 1.117647 0.470588 1.000000,-1 
5.831 0.873 0.514496 0.857493 1.000000,1 
6.083 0.878 0.493197 0.986394 1.000000,1 
7.810 0.789 1.024295 0.768221 0.000000,1 
27.019 0.337 0.777245 0.777245 16.000000,-1 
17.464 0.700 0.343559 0.973417 0.000000,-1 
0.000 1.000 0.000000 0.000000 0.000000,1 
2.236 0.901 0.447214 1.341641 3.000000,1 
2.236 0.919 0.894427 0.894427 1.000000,1 
5.000 0.891 0.200000 1.000000 3.000000,1 
10.198 0.785 0.294174 0.980581 1.000000,1 
14.318 0.688 0.419058 0.977802 2.000000,-1 
19.105 0.616 0.314054 0.994505 2.000000,-1 
10.296 0.413 0.971286 2.913858 30.000000,1 
30.083 0.456 0.398893 0.963993 1.000000,-1 
0.000 1.000 0.000000 0.000000 0.000000,1 
2.236 0.952 0.447214 1.341641 3.000000,1 
2.828 0.913 1.060660 0.707107 0.000000,1 
2.828 0.905 0.707107 0.707107 1.000000,1 
5.000 0.843 1.000000 0.800000 0.000000,1 
9.434 0.760 0.529999 0.847998 0.000000,1 
10.817 0.653 1.201850 0.554700 5.000000,1 
9.434 0.735 0.847998 0.847998 4.000000,1 
16.492 0.736 0.424437 0.970143 2.000000,1 
15.000 0.652 1.066667 0.800000 4.000000,-1 
0.000 1.000 0.000000 0.000000 0.000000,1 
4.123 0.817 0.970143 0.242536 1.000000,1 
2.000 0.898 1.000000 0.000000 0.000000,1 
8.246 0.802 0.363803 0.970143 3.000000,1 
18.248 0.645 0.383598 0.986394 3.000000,-1 
24.331 0.531 0.328798 0.986394 8.000000,-1 
26.306 0.557 0.152057 0.988372 0.000000,-1 
17.804 0.256 1.010981 1.684968 30.000000,-1 
0.000 1.000 0.000000 0.000000 0.000000,1 
10.296 0.750 0.679900 0.874157 0.000000,1 
5.000 0.795 1.200000 0.600000 3.000000,1 
5.657 0.830 0.707107 0.707107 0.000000,1 
7.810 0.762 1.024295 0.640184 0.000000,1 
13.038 0.574 1.380537 0.613572 8.000000,-1 
16.279 0.569 0.921443 0.737154 8.000000,-1 
11.402 0.787 0.526235 0.964764 0.000000,1 
18.788 0.385 1.969311 0.425797 0.000000,-1 
0.000 1.000 0.000000 0.000000 0.000000,1 
1.000 0.923 3.000000 0.000000 0.000000,1 
7.071 0.741 0.848528 0.707107 1.000000,1 
12.166 0.830 0.246598 0.986394 1.000000,1 
18.248 0.716 0.383598 0.986394 1.000000,1 
19.313 0.616 0.621336 0.932005 1.000000,-1 
24.331 0.485 0.369898 0.986394 16.000000,-1 
26.683 0.526 0.262336 0.974391 5.000000,-1 
0.000 1.000 0.000000 0.000000 0.000000,1 
10.817 0.709 0.832050 0.832050 2.000000,1 
7.810 0.778 0.896258 0.768221 0.000000,1 
9.220 0.718 0.976187 0.759257 2.000000,1 
10.000 0.678 1.100000 0.600000 3.000000,1 
11.180 0.607 1.252198 0.894427 10.000000,-1 
8.944 0.739 0.782624 0.894427 5.000000,1 
0.000 1.000 0.000000 0.000000 0.000000,1 
6.083 0.796 1.315192 0.164399 0.000000,1 
10.770 0.663 1.392715 0.464238 5.000000,1 
21.095 0.788 0.094809 0.995495 3.000000,1 
20.224 0.711 0.445021 0.988936 2.000000,1 
33.061 0.631 0.241980 0.998168 1.000000,-1 
28.460 0.577 0.386501 0.948683 1.000000,-1 
22.204 0.628 0.450377 0.990830 1.000000,-1 
19.647 0.465 1.577858 0.254493 5.000000,-1 
7.280 0.752 1.648327 0.274721 2.000000,1 
0.000 1.000 0.000000 0.000000 0.000000,1 
6.403 0.823 0.624695 0.780869 0.000000,1 
6.403 0.797 0.780869 0.624695 0.000000,1 
5.385 0.818 1.114172 0.928477 2.000000,1 
7.280 0.823 0.824163 0.961524 1.000000,1 
9.055 0.708 0.993884 0.993884 5.000000,1 
13.454 0.653 0.966282 0.668965 6.000000,-1 
5.385 0.831 1.299867 0.928477 2.000000,1 
11.402 0.707 0.789352 0.789352 7.000000,1 
6.403 0.783 0.780869 0.780869 5.000000,1 
0.000 1.000 0.000000 0.000000 0.000000,1 
3.606 0.796 0.554700 0.832050 3.000000,1 
7.280 0.778 0.274721 0.961524 1.000000,1 
10.198 0.740 0.294174 0.980581 0.000000,1 
8.944 0.673 0.559017 0.894427 1.000000,1 
0.000 1.000 1.000000 1.000000 0.000000,1 
18.788 1.000 1.000000 1.000000 17.000000,1 
19.209 0.268 1.041158 0.937043 18.000000,-1 
0.000 1.000 1.000000 1.000000 0.000000,1 
0.000 1.000 0.000000 0.000000 0.000000,1 
7.810 1.000 1.000000 1.000000 1.000000,1 
1.414 0.936 0.707107 0.707107 0.000000,1 
1.000 0.959 1.000000 0.000000 0.000000,1 
5.657 1.000 1.000000 1.000000 0.000000,1 
5.657 0.826 0.883883 0.707107 0.000000,1 
6.403 0.811 0.780869 0.624695 0.000000,1 
0.000 1.000 1.000000 1.000000 0.000000,1 
7.810 1.000 1.000000 1.000000 0.000000,1 
1.000 0.918 2.000000 0.000000 0.000000,1 
7.810 1.000 1.000000 1.000000 4.000000,1 
1.414 0.859 2.121320 0.707107 0.000000,1 
10.440 1.000 1.000000 1.000000 2.000000,1 
1.000 0.956 1.000000 0.000000 0.000000,1 
16.763 1.000 1.000000 1.000000 3.000000,1 
1.414 0.918 0.707107 0.707107 1.000000,1 
0.000 1.000 0.000000 0.000000 0.000000,1 
2.236 0.881 0.447214 0.894427 2.000000,1 
6.708 0.719 0.596285 0.894427 2.000000,1 
9.220 0.772 0.216930 0.976187 3.000000,1 
9.487 0.686 0.316228 0.948683 0.000000,1 
40.608 -0.165 1.108159 0.886527 36.000000,-1 
0.000 1.000 0.000000 0.000000 0.000000,1 
7.211 0.748 1.248075 0.554700 2.000000,1 
5.000 0.807 0.800000 0.600000 2.000000,1 
8.062 0.753 0.744208 0.868243 2.000000,1 
5.385 0.779 1.114172 0.557086 3.000000,1 
8.062 0.808 0.620174 0.868243 0.000000,1 
7.616 0.701 1.050451 0.393919 3.000000,1 
8.062 0.732 0.992278 0.868243 7.000000,1 
13.601 0.613 0.661693 0.808736 1.000000,-1 
0.000 1.000 0.000000 0.000000 0.000000,1 
5.099 0.843 0.392232 0.980581 1.000000,1 
6.325 0.801 0.316228 0.948683 1.000000,1 
11.180 0.587 0.536656 0.894427 2.000000,-1 
11.402 0.616 0.438529 0.964764 6.000000,-1 
16.763 0.309 0.656205 1.491375 25.000000,-1 
11.705 0.665 0.427179 0.939793 1.000000,-1 
16.000 0.698 0.062500 1.000000 0.000000,-1 
0.000 1.000 0.000000 0.000000 0.000000,1 
8.544 0.788 0.702247 0.936329 0.000000,1 
9.220 0.693 0.867722 0.650791 3.000000,1 
7.810 0.755 0.896258 0.768221 1.000000,1 
8.062 0.722 0.992278 0.868243 5.000000,1 
8.602 0.744 1.046229 0.581238 0.000000,1 
10.296 0.678 1.456929 0.485643 0.000000,1 
0.000 1.000 0.000000 0.000000 0.000000,1 
1.000 0.921 1.000000 3.000000 3.000000,1 
2.000 0.873 1.500000 1.000000 2.000000,1 
2.236 0.910 0.447214 0.894427 0.000000,1 
4.000 0.882 0.250000 1.000000 3.000000,1 
10.000 0.869 0.000000 1.000000 0.000000,1 
17.000 0.731 0.058824 1.000000 0.000000,1 
15.033 0.399 0.133038 1.929051 29.000000,-1 
22.000 0.570 0.136364 1.000000 1.000000,-1
0.000 1.000 0.000000 0.000000 0.000000,1 
2.236 0.915 1.341641 0.894427 0.000000,1 
2.236 0.899 0.894427 0.447214 0.000000,1 
5.000 0.784 1.400000 0.000000 0.000000,1 
3.606 0.861 0.832050 0.554700 2.000000,1 
8.062 0.676 1.488417 0.124035 0.000000,1 
3.606 0.749 2.218801 0.832050 2.000000,1 
7.071 0.781 0.565685 0.989949 1.000000,1 
11.705 0.687 0.598050 0.939793 0.000000,-1 
15.133 0.660 0.264327 0.991228 8.000000,-1 
0.000 1.000 0.000000 0.000000 0.000000,1 
0.000 0.893 2.000000 1.000000 1.000000,1 
2.236 0.889 0.447214 0.894427 2.000000,1 
5.099 0.849 0.196116 0.980581 5.000000,1 
11.000 0.827 0.090909 1.000000 1.000000,1 
12.000 0.797 0.083333 1.000000 1.000000,1 
13.038 0.661 0.076696 0.997054 8.000000,-1 
15.000 0.440 0.133333 1.333333 20.000000,-1 
0.000 1.000 0.000000 0.000000 0.000000,1 
5.000 0.816 1.400000 0.200000 1.000000,1 
6.403 0.828 0.937043 0.780869 0.000000,1 
5.000 0.834 1.200000 0.800000 0.000000,1 
14.422 0.636 0.693375 0.832050 0.000000,-1 
13.454 0.571 0.966282 0.668965 7.000000,-1 
31.828 0.212 0.848319 0.691223 7.000000,-1 
0.000 1.000 0.000000 0.000000 0.000000,1 
2.236 0.801 1.788854 0.894427 2.000000,1 
3.162 0.877 0.632456 0.948683 2.000000,1 
6.000 0.843 0.166667 1.000000 2.000000,1 
9.000 0.794 0.222222 1.000000 1.000000,1 
8.246 0.756 0.242536 0.970143 3.000000,1 
19.026 0.461 0.052559 1.051177 20.000000,-1 
14.036 0.536 0.356235 0.997459 7.000000,-1 
0.000 1.000 0.000000 0.000000 0.000000,1 
4.472 0.871 0.447214 0.894427 1.000000,1 
10.817 0.702 0.924500 0.832050 0.000000,1 
11.402 0.670 1.052470 0.789352 1.000000,-1 
29.833 0.336 0.871522 0.770962 1.000000,-1 
16.279 0.529 0.798584 0.675725 2.000000,-1 
0.000 1.000 0.000000 0.000000 0.000000,1 
3.162 0.823 1.264911 0.948683 1.000000,1 
3.162 0.861 1.581139 0.316228 0.000000,1 
2.236 0.904 1.341641 0.894427 0.000000,1 
6.000 0.909 0.000000 1.000000 0.000000,1 
10.050 0.773 0.298511 0.995037 0.000000,1 
12.000 0.345 0.500000 2.500000 30.000000,-1 
0.000 1.000 0.000000 0.000000 0.000000,1 
6.403 0.803 0.937043 0.624695 0.000000,1 
4.123 0.785 1.697749 0.970143 1.000000,1 
10.440 0.673 1.340957 0.287348 1.000000,1 
6.403 0.791 0.937043 0.780869 1.000000,1 
8.602 0.731 0.929981 0.581238 0.000000,1 
12.207 0.606 1.228848 0.573462 1.000000,-1 
17.692 0.537 1.073943 0.678280 0.000000,-1 
0.000 1.000 0.000000 0.000000 0.000000,1 
5.385 0.822 0.557086 0.928477 1.000000,1 
5.099 0.880 0.196116 0.980581 1.000000,1 
6.708 0.767 0.894427 0.894427 1.000000,1 
7.071 0.792 0.565685 0.989949 1.000000,1 
9.220 0.764 0.542326 0.976187 0.000000,1 
10.770 0.648 0.557086 0.928477 7.000000,1 
13.928 0.420 0.933346 1.364121 19.000000,-1 
0.000 1.000 0.000000 0.000000 0.000000,1 
6.708 0.779 0.894427 0.447214 0.000000,1 
6.403 0.790 0.937043 0.624695 0.000000,1 
5.000 0.807 1.000000 0.600000 1.000000,1 
8.602 0.771 0.697486 0.813733 1.000000,1 
9.899 0.676 1.111168 0.707107 1.000000,1 
0.000 1.000 0.000000 0.000000 0.000000,1 
10.050 0.805 0.099504 0.995037 2.000000,1 
11.045 0.803 0.181071 0.995893 1.000000,1 
7.000 0.860 0.142857 1.000000 1.000000,1 
9.220 0.789 0.216930 0.976187 0.000000,1 
8.062 0.677 0.992278 0.868243 2.000000,1 
8.602 0.541 1.162476 1.511219 13.000000,1 
16.125 0.497 0.434122 0.992278 11.000000,-1 
0.000 1.000 0.000000 0.000000 0.000000,1 
7.000 0.758 1.000000 0.285714 2.000000,1 
5.385 0.802 1.114172 0.371391 1.000000,1 
5.385 0.796 1.114172 0.371391 0.000000,1 
5.657 0.824 1.060660 0.707107 0.000000,1 
8.062 0.772 0.496139 0.868243 2.000000,1 
11.314 0.661 0.883883 0.707107 0.000000,-1 
